CPSNR(1.tif) = 31.047881529321657
CPSNR(2.tif) = 35.08109129260292
CPSNR(3.tif) = 34.699583063710435
CPSNR(4.tif) = 37.346435200973815
CPSNR(5.tif) = 35.35044296830143
CPSNR(7.tif) = 39.02116369485394
CPSNR(8.tif) = 40.529186657196796
CPSNR(9.tif) = 38.18450270918864
CPSNR(10.tif) = 39.14797070624881
CPSNR(11.tif) = 40.42977798282068
CPSNR(12.tif) = 39.52626532349106
CPSNR(13.tif) = 40.04506413815123
CPSNR(14.tif) = 38.90137033611686
CPSNR(15.tif) = 39.48311567517243
CPSNR(16.tif) = 38.16086304832341
CPSNR(17.tif) = 35.318621144604656
CPSNR(18.tif) = 37.60244621524541